{
 "cells": [
  {
   "cell_type": "code",
   "execution_count": 54,
   "metadata": {
    "collapsed": true
   },
   "outputs": [
    {
     "name": "stdout",
     "output_type": "stream",
     "text": [
      "Стационарное распределние матрицы A 1 : [0.25 0.25 0.25 0.25]\n",
      "None \n",
      "\n",
      "Стационарное распределние матрицы A 2 : [0.25 0.25 0.25 0.25]\n",
      "None \n",
      "\n",
      "Стационарное распределние матрицы A 3 : [0.25 0.25 0.25 0.25]\n",
      "None \n",
      "\n",
      "Матрица A 1 в степени 5 :\n",
      "[[0.17675781 0.43066406 0.16992188 0.22265625]\n",
      " [0.28710938 0.14648438 0.453125   0.11328125]\n",
      " [0.11328125 0.453125   0.14648438 0.28710938]\n",
      " [0.22265625 0.16992188 0.43066406 0.17675781]] \n",
      "\n",
      "Матрица A 1 в степени 10 :\n",
      "[[0.22371578 0.25403881 0.34596062 0.17628479]\n",
      " [0.16935921 0.36967659 0.23032379 0.23064041]\n",
      " [0.23064041 0.23032379 0.36967659 0.16935921]\n",
      " [0.17628479 0.34596062 0.25403881 0.22371578]] \n",
      "\n",
      "Матрица A 1 в степени 20 :\n",
      "[[0.20394139 0.29141525 0.30858475 0.19605861]\n",
      " [0.19427683 0.31252614 0.28747386 0.20572317]\n",
      " [0.20572317 0.28747386 0.31252614 0.19427683]\n",
      " [0.19605861 0.30858475 0.29141525 0.20394139]] \n",
      "\n",
      "Матрица A 1 в степени 30 :\n",
      "[[0.20071303 0.29844139 0.30155861 0.19928697]\n",
      " [0.19896093 0.30227164 0.29772836 0.20103907]\n",
      " [0.20103907 0.29772836 0.30227164 0.19896093]\n",
      " [0.19928697 0.30155861 0.29844139 0.20071303]] \n",
      "\n",
      "Матрица A 1 в степени 50 :\n",
      "[[0.20002346 0.29994871 0.30005129 0.19997654]\n",
      " [0.19996581 0.30007475 0.29992525 0.20003419]\n",
      " [0.20003419 0.29992525 0.30007475 0.19996581]\n",
      " [0.19997654 0.30005129 0.29994871 0.20002346]] \n",
      "\n",
      "None\n",
      "Матрица A 2 в степени 5 :\n",
      "[[0.27251943 0.22748903 0.18154414 0.31844739]\n",
      " [0.27306136 0.22694711 0.18154414 0.31844739]\n",
      " [0.27268878 0.22730275 0.18174736 0.31826111]\n",
      " [0.27268878 0.22730275 0.18228929 0.31771918]] \n",
      "\n",
      "Матрица A 2 в степени 10 :\n",
      "[[0.27272739 0.22727261 0.18181832 0.31818168]\n",
      " [0.27272709 0.22727291 0.18181832 0.31818168]\n",
      " [0.27272729 0.22727271 0.18181823 0.31818177]\n",
      " [0.27272729 0.22727271 0.18181793 0.31818207]] \n",
      "\n",
      "Матрица A 2 в степени 20 :\n",
      "[[0.27272727 0.22727273 0.18181818 0.31818182]\n",
      " [0.27272727 0.22727273 0.18181818 0.31818182]\n",
      " [0.27272727 0.22727273 0.18181818 0.31818182]\n",
      " [0.27272727 0.22727273 0.18181818 0.31818182]] \n",
      "\n",
      "Матрица A 2 в степени 30 :\n",
      "[[0.27272727 0.22727273 0.18181818 0.31818182]\n",
      " [0.27272727 0.22727273 0.18181818 0.31818182]\n",
      " [0.27272727 0.22727273 0.18181818 0.31818182]\n",
      " [0.27272727 0.22727273 0.18181818 0.31818182]] \n",
      "\n",
      "Матрица A 2 в степени 50 :\n",
      "[[0.27272727 0.22727273 0.18181818 0.31818182]\n",
      " [0.27272727 0.22727273 0.18181818 0.31818182]\n",
      " [0.27272727 0.22727273 0.18181818 0.31818182]\n",
      " [0.27272727 0.22727273 0.18181818 0.31818182]] \n",
      "\n",
      "None\n",
      "Матрица A 3 в степени 5 :\n",
      "[[0.2284882  0.31672001 0.18191671 0.27287507]\n",
      " [0.21114667 0.33406154 0.18191671 0.27287507]\n",
      " [0.21114667 0.33460346 0.18137479 0.27287507]\n",
      " [0.22306898 0.32268116 0.18191671 0.27233315]] \n",
      "\n",
      "Матрица A 3 в степени 10 :\n",
      "[[0.21836231 0.32709237 0.18181813 0.27272719]\n",
      " [0.21806158 0.3273931  0.18181813 0.27272719]\n",
      " [0.21806158 0.32739281 0.18181842 0.27272719]\n",
      " [0.21826187 0.32719252 0.18181813 0.27272749]] \n",
      "\n",
      "Матрица A 3 в степени 20 :\n",
      "[[0.21818187 0.32727267 0.18181818 0.27272727]\n",
      " [0.21818178 0.32727276 0.18181818 0.27272727]\n",
      " [0.21818178 0.32727276 0.18181818 0.27272727]\n",
      " [0.21818184 0.3272727  0.18181818 0.27272727]] \n",
      "\n",
      "Матрица A 3 в степени 30 :\n",
      "[[0.21818182 0.32727273 0.18181818 0.27272727]\n",
      " [0.21818182 0.32727273 0.18181818 0.27272727]\n",
      " [0.21818182 0.32727273 0.18181818 0.27272727]\n",
      " [0.21818182 0.32727273 0.18181818 0.27272727]] \n",
      "\n",
      "Матрица A 3 в степени 50 :\n",
      "[[0.21818182 0.32727273 0.18181818 0.27272727]\n",
      " [0.21818182 0.32727273 0.18181818 0.27272727]\n",
      " [0.21818182 0.32727273 0.18181818 0.27272727]\n",
      " [0.21818182 0.32727273 0.18181818 0.27272727]] \n",
      "\n",
      "None\n"
     ]
    }
   ],
   "source": [
    "import numpy as np\n",
    "\n",
    "n = [5, 10, 20, 30, 50]\n",
    "\n",
    "A1 = np.array([[1/4, 3/4, 0, 0], [1/2, 0, 1/2, 0], [0, 1/2, 0, 1/2], [0, 0, 3/4, 1/4]])\n",
    "\n",
    "A2 = np.array([[2/9, 1/3, 0, 4/9], [4/9, 1/9, 0, 4/9], [2/9, 2/9, 2/9, 1/3], [2/9, 2/9, 4/9,1/9]])\n",
    "\n",
    "A3 = np.array([[4/9, 0, 2/9, 1/3], [0, 4/9, 2/9, 1/3], [0, 2/3, 0, 1/3], [4/9, 2/9, 2/9, 1/9]])\n",
    "\n",
    "def stationary_distribution(A, k):\n",
    "    n = np.shape(A)[1]\n",
    "    v0 = np.zeros(n-1)\n",
    "    v0 = np.append(v0,1)\n",
    "    v1 = np.ones(n-1)\n",
    "    v1 = np.append(v1,2)\n",
    "    A1 = np.delete(A2, n-1, axis = 0)\n",
    "    M1 = np.vstack((A1, v1)) - np.eye(n)\n",
    "    solve = np.linalg.solve(M1, v0)\n",
    "    print(\"Стационарное распределние матрицы A\", k,':', solve)\n",
    "\n",
    "def power(A, n, k):\n",
    "    for i in n:\n",
    "        l = np.linalg.matrix_power(A, i)\n",
    "        print('Матрица A',k ,'в степени', i, ':')\n",
    "        print(l, '\\n')\n",
    "\n",
    "\n",
    "print(stationary_distribution(A1,1),'\\n')\n",
    "print(stationary_distribution(A2, 2),'\\n')\n",
    "print(stationary_distribution(A3, 3),'\\n')\n",
    "\n",
    "\n",
    "print(power(A1, n, 1))\n",
    "print(power(A2, n, 2))\n",
    "print(power(A3, n, 3))"
   ]
  }
 ],
 "metadata": {
  "kernelspec": {
   "display_name": "Python 3",
   "language": "python",
   "name": "python3"
  },
  "language_info": {
   "codemirror_mode": {
    "name": "ipython",
    "version": 2
   },
   "file_extension": ".py",
   "mimetype": "text/x-python",
   "name": "python",
   "nbconvert_exporter": "python",
   "pygments_lexer": "ipython2",
   "version": "2.7.6"
  }
 },
 "nbformat": 4,
 "nbformat_minor": 0
}